-1.0           0.0           0.000
N              2982         0.040          150           6
N              2981         0.040          150           7
N              3125         0.040          150           8
N              3271         0.040          150           9
N              3424         0.040          150           10
N              3423         0.040          150           11
N              3422         0.040          150           12
N              3421         0.040          150           13
-1.0           0.0           0.000
N              1606         0.040          150           14
N              1481         0.040          181.07        15
N              1357         0.040          150           16
N              1243         0.040          150           17
N              1131         0.040          150           18
N              1029         0.040          181.07        19
N              936          0.040          212.13        20
N              845          0.040          181.07        21
N              756          0.040          150           22
-1.0           0.0           0.000
N              2808         0.040          150           23
N              2951         0.040          181.07        24
N              3095         0.040          150           25
N              3241         0.040          181.07        26
N              3394         0.040          181.07        27
N              3549         0.040          181.07        28
N              3705         0.040          181.07        29
N              3865         0.040          181.07        30
N              4036         0.040          212.13        31
N              4209         0.040          150           32
-1.0           0.0           0.000
N              6557         0.040          150           53
N              6380         0.040          150           52
N              6201         0.040          181.07        51
N              6024         0.040          181.07        50
N              5845         0.040          181.07        49
N              5666         0.040          181.07        48
N              5487         0.040          181.07        47
N              5308         0.040          150           46
N              5309         0.040          181.07        45
N              5489         0.040          181.07        44
N              5490         0.040          150           43
N              5491         0.040          150           42
N              5312         0.040          181.07        41
N              5133         0.040          212.13        40
N              4953         0.040          212.13        39
N              4773         0.040          181.07        38
N              4594         0.040          150           37
N              4415         0.040          181.07        36
N              4238         0.040          181.07        35
N              4064         0.040          150           34
N              3894         0.040          150           33
-1.0           0.0           0.000
N              4567         0.055          150           54
N              4566         0.055          181.07        55
N              4386         0.055          181.07        56
N              4385         0.055          150           57
N              4384         0.055          150           58
N              4383         0.055          181.07        59
N              4206         0.055          181.07        60
N              4205         0.055          181.07        61
N              4030         0.055          212.13        62
N              3859         0.055          212.13        63
N              3698         0.055          181.07        64
N              3697         0.055          150           65
N              3540         0.055          150           66
N              3539         0.055          181.07        67
N              3382         0.055          181.07        68
N              3381         0.055          150           69
N              3380         0.055          181.07        70
N              3226         0.055          181.07        71
N              3225         0.055          150           72
N              3079         0.055          150           73
N              2935         0.055          150           74
N              2792         0.055          150           75
N              2653         0.055          150           76
N              2515         0.055          150           77
N              2385         0.055          150           78
N              2386         0.055          181.07        79
N              2258         0.055          212.13        80
N              2131         0.055          150           81
N              2005         0.055          150           82
N              1879         0.055          181.07        83
N              1753         0.055          181.07        84
N              1626         0.055          150           85
N              1500         0.055          181.07        86
N              1375         0.055          212.13        87
N              1260         0.055          150           88
N              1147         0.055          150           89
N              1146         0.055          150           90
N              1145         0.055          150           91
N              1144         0.055          181.07        92
N              1256         0.055          150           93
N              1255         0.055          212.13        94
N              1368         0.055          181.07        95
N              1367         0.055          150           96
N              1366         0.055          181.07        97
N              1251         0.055          181.07        98
N              1139         0.055          150           99
N              1037         0.055          181.07        100
N              942          0.055          181.07        101
N              850          0.055          150           102
N              761          0.055          150           103
N              760          0.055          150           104
N              759          0.055          150           105
N              758          0.055          181.07        106
N              669          0.055          181.07        107
N              668          0.055          181.07        108
N              581          0.055          181.07        109
N              497          0.055          150           110
N              416          0.055          150           111
-1.0           0.0           0.000
N              5081         0.045          150           112
N              5261         0.045          181.07        113
N              5441         0.045          181.07        114
N              5619         0.045          181.07        115
N              5799         0.045          212.13        116
N              5978         0.045          181.07        117
N              5979         0.045          181.07        118
N              6157         0.045          150           119
N              6336         0.045          150           120
N              6337         0.045          150           121
N              6338         0.045          150           122
N              6339         0.045          150           123
N              6340         0.045          150           124
N              6341         0.045          181.07        125
N              6164         0.045          181.07        126
N              5987         0.045          150           127
N              5809         0.045          150           128
N              5629         0.045          181.07        129
N              5451         0.045          181.07        130
N              5272         0.045          181.07        131
N              5452         0.045          212.13        132
N              5630         0.045          181.07        133
N              5810         0.045          150           134
N              5988         0.045          150           135
N              5989         0.045          181.07        136
N              5812         0.045          150           137
N              5634         0.045          181.07        138
N              5456         0.045          150           139
N              5457         0.045          150           140
N              5458         0.045          150           141
N              5459         0.045          181.07        142
N              5281         0.045          212.13        143
N              5102         0.045          212.13        144
N              4924         0.045          212.13        145
N              4746         0.045          150           146
N              4747         0.045          150           147
N              4748         0.045          181.07        148
N              4570         0.045          181.07        149
N              4391         0.045          150           150
N              4392         0.045          181.07        151
N              4217         0.045          181.07        152
N              4043         0.045          150           153
N              4044         0.045          150           154
N              4045         0.045          150           155
N              4046         0.045          181.07        156
N              4221         0.045          181.07        157
N              4222         0.045          150           158
N              4223         0.045          150           159
N              4224         0.045          150           160
N              4050         0.045          150           161
N              3880         0.045          181.07        162
N              3720         0.045          150           163
N              3563         0.045          212.13        164
N              3408         0.045          181.07        165
N              3255         0.045          181.07        166
N              3108         0.045          181.07        167
N              2964         0.045          150           168
N              2821         0.045          181.07        169
N              2683         0.045          150           170
N              2545         0.045          150           171
N              2416         0.045          150           172
N              2288         0.045          212.13        173
N              2418         0.045          181.07        174
N              2419         0.045          181.07        175
N              2291         0.045          181.07        176
N              2164         0.045          181.07        177
N              2165         0.045          181.07        178
N              2166         0.045          150           179
N              2167         0.045          181.07        180
N              2296         0.045          181.07        181
N              2297         0.045          181.07        182
N              2170         0.045          181.07        183
N              2171         0.045          150           184
N              2044         0.045          181.07        185
N              1919         0.045          181.07        186
N              1794         0.045          150           187
N              1667         0.045          181.07        188
N              1541         0.045          150           189
-1.0           0.0           0.000
N              9266         0.040          150           213
N              9097         0.040          181.07        212
N              8927         0.040          150           211
N              8756         0.040          150           210
N              8584         0.040          150           209
N              8417         0.040          150           208
N              8251         0.040          181.07        207
N              8082         0.040          181.07        206
N              7912         0.040          150           205
N              7913         0.040          150           204
N              7744         0.040          181.07        203
N              7745         0.040          150           202
N              7575         0.040          150           201
N              7576         0.040          150           200
N              7577         0.040          150           199
N              7578         0.040          150           198
N              7579         0.040          150           197
N              7409         0.040          181.07        196
N              7240         0.040          181.07        195
N              7070         0.040          150           194
N              7071         0.040          150           193
N              6901         0.040          150           192
N              6902         0.040          150           191
N              6731         0.040          150           190
-1.0           0.0           0.000
N              4059         0.040          150           214
N              4233         0.040          150           215
N              4409         0.040          181.07        216
N              4589         0.040          181.07        217
N              4590         0.040          150           218
N              4591         0.040          150           219
-1.0           0.0           0.000
N              2811         0.040          150           220
N              2671         0.040          181.07        221
N              2670         0.040          150           222
N              2669         0.040          181.07        223
N              2530         0.040          212.13        224
N              2399         0.040          212.13        225
N              2269         0.040          212.13        226
N              2140         0.040          212.13        227
N              2267         0.040          181.07        228
N              2266         0.040          150           229
N              2265         0.040          181.07        230
N              2393         0.040          181.07        231
N              2392         0.040          150           232
N              2391         0.040          150           233
N              2390         0.040          181.07        234
N              2260         0.040          150           235
-1.0           0.0           0.000
N              4057         0.040          150           236
N              4230         0.040          212.13        237
-1.0           0.0           0.000
N              25858        0.030          150           238
N              25677        0.030          150           239
N              25499        0.030          181.07        240
N              25323        0.030          212.13        241
N              25148        0.030          212.13        242
N              24973        0.030          181.07        243
N              24799        0.030          150           244
N              24619        0.030          150           245
N              24439        0.031          181.07        246
N              24260        0.032          181.07        247
N              24077        0.032          150           248
N              23897        0.033          181.07        249
N              23716        0.033          212.13        250
N              23535        0.034          181.07        251
N              23361        0.034          150           252
N              23187        0.035          181.07        253
N              23014        0.036          212.13        254
N              22841        0.037          181.07        255
N              22668        0.038          181.07        256
N              22497        0.039          181.07        257
N              22326        0.040          150           258
N              22155        0.040          150           259
N              22154        0.040          150           260
N              22153        0.040          181.07        261
N              21982        0.040          212.13        262
N              21811        0.040          181.07        263
N              21640        0.040          150           264
N              21473        0.040          150           265
N              21310        0.040          150           266
N              21145        0.040          150           267
N              20981        0.040          150           268
N              20982        0.040          150           269
N              20983        0.040          150           270
N              20984        0.040          150           271
N              20985        0.040          150           272
N              20822        0.040          181.07        273
N              20661        0.040          181.07        274
N              20503        0.040          150           275
N              20349        0.040          150           276
N              20196        0.040          150           277
N              20042        0.040          181.07        278
N              19891        0.040          181.07        279
N              19740        0.040          181.07        280
N              19593        0.040          212.13        281
N              19453        0.040          212.13        282
N              19314        0.040          181.07        283
N              19174        0.040          181.07        284
N              19035        0.040          181.07        285
N              18896        0.040          150           286
N              18758        0.040          181.07        287
N              18624        0.040          212.13        288
N              18490        0.040          181.07        289
N              18355        0.040          181.07        290
N              18220        0.040          181.07        291
N              18082        0.040          150           292
N              17944        0.040          150           293
N              17805        0.040          150           294
N              17666        0.040          150           295
N              17527        0.040          150           296
N              17388        0.040          181.07        297
N              17250        0.040          181.07        298
N              17251        0.040          150           299
N              17252        0.040          150           300
N              17253        0.040          150           301
N              17254        0.040          181.07        302
N              17116        0.040          181.07        303
N              17117        0.040          150           304
N              16982        0.040          150           305
N              16983        0.040          181.07        306
N              16850        0.040          212.13        307
N              16717        0.040          181.07        308
N              16718        0.040          150           309
N              16719        0.040          150           310
N              16720        0.040          181.07        311
N              16855        0.040          181.07        312
N              16856        0.040          150           313
N              16857        0.040          150           314
N              16723        0.040          150           315
N              16589        0.040          181.07        316
N              16453        0.040          181.07        317
N              16319        0.040          150           318
N              16185        0.040          181.07        319
N              16050        0.040          181.07        320
N              15915        0.040          150           321
N              15780        0.040          150           322
N              15644        0.040          181.07        323
N              15506        0.040          181.07        324
N              15370        0.040          150           325
N              15234        0.040          181.07        326
N              15100        0.040          181.07        327
N              14966        0.040          150           328
N              14832        0.040          150           329
N              14698        0.040          150           330
N              14567        0.040          150           331
N              14566        0.040          150           332
N              14435        0.040          181.07        333
N              14303        0.040          181.07        334
N              14302        0.040          181.07        335
N              14175        0.040          181.07        336
N              14174        0.040          181.07        337
N              14050        0.040          181.07        338
N              13927        0.040          150           339
N              13928        0.040          181.07        340
N              13807        0.040          181.07        341
N              13685        0.040          150           342
N              13562        0.040          150           343
N              13440        0.040          181.07        344
N              13317        0.040          150           345
N              13194        0.040          181.07        346
N              13070        0.040          150           347
N              12947        0.040          150           348
N              12821        0.040          150           349
N              12694        0.040          150           350
N              12553        0.040          150           351
N              12410        0.040          181.07        352
N              12265        0.039          181.07        353
N              12117        0.039          181.07        354
N              11970        0.038          181.07        355
N              11822        0.038          150           356
N              11673        0.037          150           357
N              11525        0.037          181.07        358
N              11378        0.036          181.07        359
N              11232        0.035          150           360
N              11085        0.035          181.07        361
N              10939        0.035          181.07        362
N              10792        0.035          181.07        363
N              10644        0.035          212.13        364
N              10495        0.035          150           365
N              10346        0.035          181           366
N              10198        0.035          150           367
N              10046        0.035          181.07        368
N              9895         0.036          181.07        369
N              9743         0.037          181.07        370
N              9588         0.037          181.07        371
N              9589         0.038          150           372
N              9590         0.038          150           373
N              9434         0.039          150           374
N              9276         0.039          181.07        375
N              9108         0.040          212.13        376
N              8939         0.040          212.13        377
N              8769         0.040          181.07        378
N              8770         0.040          181.07        379
N              8598         0.040          181.07        380
N              8431         0.040          150           381
N              8265         0.040          150           382
N              8095         0.040          150           383
N              7925         0.040          181.07        384
N              7754         0.040          181.07        385
N              7584         0.040          150           386
N              7415         0.040          150           387
N              7416         0.040          150           388
N              7246         0.040          181.07        389
N              7077         0.040          212.13        390
N              6906         0.040          212.13        391
N              6734         0.040          181.07        392
N              6733         0.040          150           393
N              6732         0.040          150           394
N              6559         0.040          181.07        395
N              6382         0.040          181.07        396
N              6204         0.040          150           397
N              6027         0.040          150           398
N              5849         0.040          181.07        399
N              5671         0.040          181.07        400
N              5672         0.040          150           401
N              5673         0.040          150           402
N              5495         0.040          150           403
N              5316         0.040          181.07        404
N              5135         0.040          181.07        405
N              4956         0.040          181.07        406
N              4776         0.040          181.07        407
N              4597         0.040          150           408
N              4418         0.040          150           409
N              4242         0.040          150           410
N              4068         0.040          150           411
N              3898         0.040          150           412
N              3899         0.040          150           413
N              3739         0.040          150           414
N              3740         0.040          150           415
N              3741         0.040          181.07        416
N              3902         0.040          181.07        417
N              4072         0.040          181.07        418
N              4247         0.040          181.07        419
N              4248         0.040          150           420
N              4074         0.040          150           421
N              3904         0.040          150           422
N              3744         0.040          150           423
N              3587         0.040          150           424
N              3431         0.040          181.07        425
N              3277         0.040          181.07        426
N              3131         0.040          150           427
N              2987         0.040          150           428
N              2844         0.040          150           429
N              2705         0.040          150           430
N              2567         0.040          150           431
N              2437         0.040          150           432
N              2308         0.040          181.07        433
N              2181         0.040          181.07        434
N              2054         0.040          150           435
N              2055         0.040          181.07        436
N              1930         0.040          181.07        437
N              1931         0.040          150           438
N              1932         0.040          181.07        439
N              1808         0.040          212.13        440
N              1934         0.040          181.07        441
N              1935         0.040          181.07        442
N              2062         0.040          212.13        443
N              2190         0.040          212.13        444
N              2319         0.040          181.07        445
N              2320         0.040          181.07        446
N              2450         0.040          181.07        447
N              2451         0.040          150           448
N              2452         0.040          150           449
N              2453         0.040          150           450
N              2454         0.040          181.07        451
N              2326         0.040          212.13        452
N              2199         0.040          212.13        453
N              2073         0.040          181.07        454
N              1947         0.040          150           455
N              1822         0.040          150           456
N              1695         0.040          150           457
N              1569         0.040          181.07        458
N              1444         0.040          181.07        459
N              1330         0.040          150           460
N              1218         0.040          150           461
-1.0           0.0           0.000
N              7742         0.040          150           513
N              7572         0.040          150           512
N              7402         0.040          181.07        511
N              7233         0.040          212.13        510
N              7062         0.040          181.07        509
N              6892         0.040          181.07        508
N              6720         0.040          181.07        507
N              6548         0.040          181.07        506
N              6370         0.040          181.07        505
N              6369         0.040          150           504
N              6191         0.040          150           503
N              6014         0.040          181.07        502
N              5837         0.040          181.07        501
N              5838         0.040          181.07        500
N              5660         0.040          181.07        499
N              5482         0.040          150           498
N              5303         0.040          181.07        497
N              5124         0.040          181.07        496
N              4945         0.040          150           495
N              4766         0.040          150           494
N              4587         0.040          181.07        493
N              4407         0.040          181.07        492
N              4406         0.040          150           491
N              4405         0.040          150           490
N              4404         0.040          150           489
N              4228         0.040          150           488
N              4054         0.040          181.07        487
N              3885         0.040          181.07        486
N              3886         0.040          150           485
N              3887         0.040          150           484
N              3888         0.040          150           483
N              3889         0.040          181.07        482
N              3730         0.040          181.07        481
N              3731         0.040          150           480
N              3732         0.040          150           479
N              3733         0.040          150           478
N              3576         0.040          150           477
N              3420         0.040          150           476
N              3267         0.040          150           475
N              3121         0.040          181.07        474
N              2978         0.040          181.07        473
N              2835         0.040          150           472
N              2836         0.040          150           471
N              2697         0.040          150           470
N              2559         0.040          150           469
N              2560         0.040          150           468
N              2561         0.040          181.07        467
N              2700         0.040          212.13        466
N              2840         0.040          181.07        465
N              2841         0.040          181.07        464
N              2985         0.040          181.07        463
N              2986         0.040          150           462
-1.0           0.0           0.000
N              5792         0.040          150           514
N              5793         0.040          181.07        515
N              5972         0.040          181.07        516
N              6149         0.040          181.07        517
N              6328         0.040          212.13        518
N              6506         0.040          212.13        519
N              6679         0.040          212.13        520
N              6850         0.040          181.07        521
N              7021         0.040          181.07        522
N              7022         0.040          181.07        523
N              7193         0.040          212.13        524
N              7364         0.040          150           525
-1.0           0.0           0.000
N              10458        0.040          150           526
N              10606        0.040          181.07        527
N              10752        0.040          181.07        528
N              10899        0.040          181.07        529
N              11045        0.040          212.13        530
N              11193        0.040          181.07        531
N              11339        0.040          181.07        532
N              11488        0.040          212.13        533
N              11637        0.040          212.13        534
N              11787        0.040          212.13        535
N              11936        0.040          212.13        536
N              12085        0.040          181.07        537
N              12086        0.040          150           538
N              12087        0.040          150           539
N              12088        0.040          181.07        540
N              11941        0.040          181.07        541
N              11942        0.040          181.07        542
N              11795        0.040          181.07        543
N              11796        0.040          181.07        544
N              11648        0.040          181.07        545
N              11649        0.040          181.07        546
N              11502        0.040          212.13        547
N              11355        0.040          181.07        548
N              11356        0.040          150           549
N              11357        0.040          150           550
N              11358        0.040          150           551
N              11359        0.040          150           552
N              11360        0.040          181.07        553
N              11215        0.040          181.07        554
N              11216        0.040          150           555
N              11069        0.040          181.07        556
N              10923        0.040          181.07        557
N              10924        0.040          181.07        558
N              10778        0.040          181.07        559
N              10779        0.040          150           560
N              10780        0.040          181.07        561
N              10634        0.040          181.07        562
N              10635        0.040          150           563
N              10487        0.040          181.07        564
N              10340        0.040          212.13        565
N              10193        0.040          181.07        566
N              10194        0.040          150           567
N              10195        0.040          181.07        568
N              10045        0.040          150           569
-1.0           0.0           0.000
N              2812         0.040          150           570
N              2813         0.040          150           571
N              2814         0.040          150           572
N              2957         0.040          150           573
N              2958         0.040          150           574
N              2959         0.040          150           575
N              2816         0.040          150           576
N              2677         0.040          181.07        577
N              2540         0.040          212.13        578
N              2679         0.040          181.07        579
N              2680         0.040          181.07        580
N              2543         0.040          181.07        581
N              2544         0.040          150           582
-1.0           0.0           0.000
N              2668         0.040          150           583
N              2529         0.040          181.07        584
N              2528         0.040          150           585
N              2398         0.040          150           586
-1.0           0.0           0.000
N              1424         0.020          150           587
N              1310         0.020          150           588
N              1198         0.020          150           589
N              1096         0.020          181.07        590
N              1003         0.020          181.07        591
N              911          0.020          150           592
N              822          0.020          150           593
N              734          0.020          150           594
N              735          0.020          150           595
N              736          0.020          181.07        596
N              651          0.020          181.07        597
N              568          0.020          150           598
N              488          0.020          150           599
-1.0           0.0           0.000
N              2009         0.040          150           600
N              2136         0.040          150           601
N              2264         0.040          150           602
-1.0           0.0           0.000
N              4947         0.040          150           603
N              5126         0.040          150           604
N              5125         0.040          150           605
-1.0           0.0           0.000
N              5843         0.040          150           606
N              5664         0.040          150           607
N              5663         0.040          150           608
N              5485         0.040          150           609
N              5484         0.040          150           610
N              5483         0.040          150           611
-1.0           0.0           0.000
N              6514         0.040          150           612
N              6686         0.040          150           613
-1.0           0.0           0.000
N              7531         0.040          150           614
N              7532         0.040          150           615
N              7533         0.040          181.07        616
N              7534         0.040          150           617
N              7365         0.040          212.13        618
N              7196         0.040          212.13        619
N              7027         0.040          150           620
-1.0           0.0           0.000
N              6857         0.055          150           621
N              6858         0.055          150           622
N              6859         0.055          181.07        623
N              6689         0.055          150           624
N              6690         0.055          150           625
-1.0           0.0           0.000
N              2380         0.040          150           626
N              2381         0.040          150           627
N              2382         0.040          150           628
N              2383         0.040          150           629
N              2384         0.040          150           630
-1.0           0.0           0.000
N              6017         0.040          150           631
N              6194         0.040          150           632
N              6372         0.040          181.07        633
N              6550         0.040          181.07        634
N              6551         0.040          181.07        635
N              6375         0.040          181.07        636
N              6376         0.040          150           637
-1.0           0.0           0.000
N              3397         0.040          150           638
N              3244         0.040          150           639
N              3098         0.040          150           640
N              2954         0.040          150           641
-1.0           0.0           0.000
N              7387         0.040          150           642
N              7217         0.040          181.07        643
N              7046         0.040          181.07        644
N              6876         0.040          150           645
N              6705         0.040          181.07        646
N              6532         0.040          181.07        647
N              6355         0.040          181.07        648
N              6176         0.040          181.07        649
N              5999         0.040          150           650
N              5821         0.040          181.07        651
N              5641         0.040          181.07        652
N              5463         0.040          150           653
N              5284         0.040          181.07        654
N              5103         0.040          150           655
-1.0           0.0           0.000
N              2032         0.040          150           656
N              2159         0.040          150           657
N              2287         0.040          150           658
-1.0           0.0           0.000
N              1782         0.040          150           659
N              1907         0.040          150           660
N              1906         0.040          181.07        661
N              2031         0.040          212.13        662
N              2157         0.040          212.13        663
N              2284         0.040          181.07        664
N              2283         0.040          150           665
N              2282         0.040          150           666
N              2281         0.040          150           667
N              2410         0.040          150           668
-1.0           0.0           0.000
N              5819         0.040          150           669
N              5996         0.040          181.07        670
N              6173         0.040          150           671
N              6351         0.040          150           672
N              6528         0.040          150           673
N              6700         0.040          150           674
-1.0           0.0           0.000
N              2430         0.040          150           675
N              2301         0.040          150           676
N              2302         0.040          150           677
N              2303         0.040          150           678
N              2175         0.040          181.07        679
N              2049         0.040          181.07        680
N              1923         0.040          150           681
N              1922         0.040          150           682
N              1798         0.040          150           683
-1.0           0.0           0.000
N              329          0.035          150           684
N              395          0.035          181.07        685
N              469          0.035          181.07        686
N              550          0.035          150           687
N              633          0.035          181.07        688
N              720          0.035          212.13        689
N              809          0.035          181.07        690
N              898          0.035          181.07        691
N              991          0.035          212.13        692
N              1086         0.035          212.13        693
N              1189         0.035          181.07        694
N              1190         0.035          150           695
N              1302         0.035          181.07        696
N              1417         0.035          150           697
N              1542         0.035          150           698
N              1669         0.035          181.07        699
N              1670         0.035          150           700
N              1671         0.035          181.07        701
N              1546         0.035          181.07        702
N              1547         0.035          150           703
N              1548         0.035          181.07        704
N              1675         0.035          212.13        705
N              1803         0.035          181.07        706
N              1804         0.035          150           707
-1.0           0.0           0.000
N              7405         0.040          150           708
N              7235         0.040          150           709
N              7234         0.040          150           710
-1.0           0.0           0.000
N              10003        0.040          150           711
N              10004        0.040          150           712
N              10005        0.040          150           713
N              10006        0.040          150           714
N              10007        0.040          150           715
N              10008        0.040          150           716
N              10009        0.040          150           717
N              10160        0.040          181.07        718
N              10309        0.040          181.07        719
N              10310        0.040          150           720
N              10162        0.040          181.07        721
N              10012        0.040          212.13        722
N              9862         0.040          150           723
N              9863         0.040          150           724
N              9864         0.040          150           725
N              9865         0.040          150           726
N              9866         0.040          181.07        727
N              9715         0.040          181.07        728
N              9559         0.040          181.07        729
N              9403         0.040          181.07        730
N              9244         0.040          181.07        731
N              9077         0.040          212.13        732
N              8908         0.040          212.13        733
N              8738         0.040          212.13        734
N              8566         0.040          181.07        735
N              8399         0.040          181.07        736
N              8232         0.040          212.13        737
N              8061         0.040          181.07        738
N              7891         0.040          181.07        739
N              7720         0.040          181.07        740
N              7719         0.040          181.07        741
N              7548         0.040          181.07        742
N              7547         0.040          181.07        743
N              7376         0.040          181.07        744
N              7375         0.040          181.07        745
N              7204         0.040          212.13        746
N              7033         0.040          212.13        747
N              6862         0.040          150           748
N              6691         0.040          150           749
N              6518         0.040          150           750
-1.0           0.0           0.000
N              1054         0.040          150           751
N              1157         0.040          181.07        752
N              1269         0.040          181.07        753
N              1384         0.040          181.07        754
N              1508         0.040          181.07        755
N              1635         0.040          181.07        756
N              1762         0.040          150           757
N              1887         0.040          150           758
N              2013         0.040          150           759
-1.0           0.0           0.000
N              1514         0.040          150           760
N              1513         0.040          181.07        761
N              1638         0.040          212.13        762
N              1511         0.040          181.07        763
N              1510         0.040          150           764
N              1509         0.040          150           765
-1.0           0.0           0.000
N              6190         0.040          150           766
N              6368         0.040          150           767
N              6545         0.040          150           768
-1.0           0.0           0.000
N              1148         0.060          150           769
N              1046         0.060          181.07        770
N              951          0.060          181.07        771
N              859          0.060          181.07        772
N              769          0.060          181.07        773
N              681          0.060          181.07        774
N              594          0.060          212.13        775
N              510          0.060          181.07        776
N              429          0.060          150           777
N              356          0.060          150           778
N              290          0.060          150           779
-1.0           0.0           0.000
R              775          0.040          5             2             150
R              865          0.040          5             2             181.07
R              866          0.040          5             2             150
R              958          0.040          5             2             181.07
R              1053         0.040          5             2             150
-1.0           0.0           0.000
R              782          0.040          5             2             150
R              871          0.040          5             2             150
R              870          0.040          5             2             150
R              869          0.040          5             2             150
R              868          0.040          5             2             150
R              960          0.040          5             2             150
-1.0           0.0           0.000
R              1537         0.040          5             2             150
R              1413         0.040          5             2             181.07
R              1300         0.040          5             2             150
-1.0           0.0           0.000
R              1783         0.040          5             2             150
R              1909         0.040          5             2             181.07
R              2035         0.040          5             2             150
R              2162         0.040          5             2             150
R              2290         0.040          5             2             150
-1.0           0.0           0.000
R              37028        0.035          50            6             150
R              37029        0.035          100           8             150
R              36856        0.035          100           8             181.07
R              36691        0.035          100           8             181.07
R              36531        0.035          100           8             150
R              36375        0.035          100           8             181.07
R              36374        0.035          100           8             150
R              36373        0.035          100           8             181.07
R              36372        0.035          100           8             150
R              36371        0.035          100           8             150
R              36370        0.035          100           8             150
R              36213        0.035          100           8             181.07
R              36057        0.035          100           8             181.07
R              35901        0.035          100           8             150
R              35745        0.035          100           8             150
R              35589        0.035          100           8             150
R              35432        0.035          100           8             150
R              35275        0.035          100           8             181.07
R              35115        0.035          100           8             150
R              34954        0.035          100           8             181.07
R              34792        0.035          100           8             150
R              34624        0.035          100           8             150
R              34456        0.035          100           8             150
R              34289        0.035          100           8             181.07
R              34118        0.035          100           8             181.07
R              33935        0.035          100           8             150
R              33752        0.035          100           8             150
R              33569        0.035          100           8             150
R              33386        0.035          100           8             150
R              33202        0.035          100           8             150
R              33016        0.035          100           8             150
R              32830        0.035          100           8             150
R              32645        0.035          100           8             150
R              32461        0.035          100           8             150
R              32277        0.035          100           8             181.07
R              32093        0.035          100           8             150
R              31910        0.035          100           8             150
R              31726        0.035          100           8             181.07
R              31542        0.035          100           8             150
R              31355        0.035          100           8             181.07
R              31167        0.035          100           8             150
R              30977        0.035          100           8             150
R              30787        0.035          100           8             181.07
R              30596        0.035          100           8             150
R              30405        0.035          100           8             150
R              30404        0.035          100           8             150
R              30403        0.035          100           8             150
R              30402        0.035          100           8             181.07
R              30209        0.035          100           8             181.07
R              30208        0.035          100           8             150
R              30207        0.035          100           8             181.07
R              30013        0.035          100           8             181.07
R              29820        0.035          100           8             150
R              29626        0.035          100           8             181.07
R              29431        0.035          100           8             181.07
R              29227        0.035          100           8             150
R              29024        0.035          100           8             150
R              28821        0.035          100           8             150
R              28618        0.035          100           8             150
R              28415        0.035          100           8             150
R              28414        0.035          100           8             181.07
R              28616        0.035          100           8             212.13
R              28412        0.035          100           8             181.07
R              28411        0.035          100           8             181.07
R              28208        0.035          100           8             212.13
R              28002        0.035          100           8             212.13
R              27796        0.035          100           8             181.07
R              27592        0.035          100           8             150
R              27390        0.035          100           8             150
R              27192        0.035          100           8             181.07
R              26996        0.035          100           8             212.13
R              26803        0.035          100           8             181.07
R              26802        0.035          100           8             150
R              26801        0.035          100           8             150
R              26800        0.035          100           8             150
R              26799        0.035          100           8             181.07
R              26609        0.035          100           8             212.13
R              26422        0.035          100           8             212.13
R              26237        0.030          100           8             181.07
R              26236        0.030          100           8             150
R              26235        0.030          100           8             150
R              26234        0.030          100           8             150
R              26233        0.030          100           8             181.07
R              26416        0.030          100           8             181.07
R              26415        0.030          100           8             181.07
R              26230        0.030          100           8             181.07
R              26229        0.030          100           8             150
R              26228        0.030          100           8             150
R              26227        0.030          100           8             150
R              26226        0.030          100           8             181.07
R              26409        0.030          100           8             212.13
R              26224        0.030          100           8             181.07
R              26223        0.030          100           8             150
R              26222        0.030          100           8             181.07
R              26040        0.030          100           8             181.07
R              26039        0.030          100           8             150
R              26038        0.030          100           8             150
R              26037        0.030          100           8             150
R              26036        0.030          100           8             150
R              26035        0.040          100           8             150
-1.0           0.0           0.000
R              41550        0.035          60            9             150
R              41549        0.035          60            9             150
R              41519        0.035          60            9             181.07
R              41468        0.035          60            9             181.07
R              41467        0.035          60            9             150
R              41466        0.035          60            9             150
R              41465        0.035          60            9             150
R              41464        0.035          60            9             181.07
R              41396        0.035          60            9             212.13
R              41311        0.035          60            9             212.13
R              41198        0.035          60            9             181.07
R              41197        0.035          60            9             150
R              41196        0.035          60            9             150
R              41195        0.035          60            9             181.07
R              41066        0.035          60            9             150
R              40925        0.035          60            9             181.07
R              40768        0.035          60            9             181.07
R              40608        0.035          60            9             181.07
R              40448        0.035          60            9             150
R              40290        0.035          60            9             150
R              40123        0.035          60            9             150
R              39956        0.035          60            9             150
R              39790        0.035          60            9             150
R              39624        0.035          60            9             150
R              39458        0.035          60            9             181.07
R              39291        0.035          60            9             181.07
R              39123        0.035          60            9             150
R              38954        0.035          60            9             181.07
R              38784        0.035          60            9             212.13
R              38614        0.035          60            9             181.07
R              38444        0.035          60            9             150
R              38268        0.035          60            9             150
R              38091        0.035          60            9             181.07
R              37915        0.035          60            9             181.07
R              37738        0.035          60            9             181.07
R              37562        0.035          60            9             181.07
R              37385        0.035          60            9             150
R              37206        0.035          60            9             150